(90071, 95)
(90071, 1)
0
[[5]
 [3]
 [4]
 ..., 
 [7]
 [6]
 [1]] [5 3 4 ..., 7 6 1]
fold 1
[[   0    0    0    0    0    0    0    0    0    0]
 [   0 1352  284   14   10    0    3    0    3    0]
 [   0  527 1033    2    5   27   64   40   21    9]
 [   0   38    5 1611    1    0    2    0    0    0]
 [   0   39    0    3 1659    0    2    0    0    0]
 [   0    0    1    0    0 1693    0    0    0    0]
 [   0   18   10    0    0    0 1662    0    0    0]
 [   0    0   30    0    1    3    5 1535    6   19]
 [   0    0    0    0    0    1    0    1 1701    0]
 [   0    0    0    0    0    0    0   59    0 1513]]
0.915204471088
1
[[8]
 [5]
 [5]
 ..., 
 [1]
 [5]
 [4]] [8 5 5 ..., 1 5 4]
fold 2
[[   0    0    0    0    0    0    0    0    0    0]
 [   0 1026  590   36    0    0    0    0    1    0]
 [   0  247 1414    9    0    0    8   49    5    2]
 [   0    2    3 1630    0    0    3    0    0    0]
 [   0   38   10    9 1593    0    1    0    0    0]
 [   0    0    1    0    0 1617    0    0    0    0]
 [   0   13   23    0    0    0 1671    0    0    0]
 [   0    0   56    0    0    0    0 1599    2    9]
 [   0    2    1    0    0    1    0    1 1646    0]
 [   0    0    0    0    0    0    0   61    0 1633]]
0.921023891332
2
[[3]
 [8]
 [4]
 ..., 
 [6]
 [4]
 [6]] [3 8 4 ..., 6 4 6]
fold 3
[[   0    0    0    0    0    0    0    0    0    0]
 [   0  989  660   36    1    0    0    0    2    0]
 [   0  238 1284   11    1    1    8  103    5    1]
 [   0    2    3 1517    0    0    2    0    0    0]
 [   0   35    5    4 1643    0    1    0    0    0]
 [   0    0    0    3    0 1686    0    1    0    0]
 [   0   10   33    0    0    1 1652    0    0    0]
 [   0    0   72    0    1    0    0 1679    2   10]
 [   0    0    1    0    0    1    2    3 1702    0]
 [   0    0    0    0    0    0    0   38    0 1563]]
0.913291771573
3
[[4]
 [4]
 [4]
 ..., 
 [5]
 [9]
 [1]] [4 4 4 ..., 5 9 1]
fold 4
[[   0    0    0    0    0    0    0    0    0    0]
 [   0 1447  198    1    0    0    0    0    2    0]
 [   0  704  908    0    0    0   13   42    1    3]
 [   0   59    2 1605    0    0    0    0    0    0]
 [   0   37    0    5 1544    0    5    0    0    0]
 [   0    0    1    0    0 1667    0    0    5    0]
 [   0   27    5    0    0    0 1711    0    0    0]
 [   0    0   52    0    0    0    2 1577    4   16]
 [   0    8    2    0    0    1    0    0 1650    0]
 [   0    0    0    0    0    0    0   56    0 1652]]
0.916143361262
4
[[6]
 [1]
 [4]
 ..., 
 [9]
 [9]
 [9]] [6 2 4 ..., 9 9 9]
fold 5
[[   0    0    0    0    0    0    0    0    0    0]
 [   0 1045  472   43    7    0    0    0    4    0]
 [   0  303 1222   44    6    0   11   78    4    2]
 [   0    4    2 1640    0    0    1    0    0    0]
 [   0   36    1    5 1583    0    1    0    1    0]
 [   0    0    0    0    0 1711    0    1    0    0]
 [   0   11   11    1    0    0 1643    0    0    0]
 [   0    0   60    1    0    0    0 1671    3    4]
 [   0    2    0    0    0    3    0    0 1639    0]
 [   0    0    1    0    0    0    0   69    0 1666]]
0.920050720337
5
[[7]
 [9]
 [7]
 ..., 
 [7]
 [7]
 [7]] [7 9 7 ..., 7 7 7]
fold 6
[[   0    0    0    0    0    0    0    0    0    0]
 [   0 1418  248   37    0    0    0    0    0    0]
 [   0  721  823   15    1    2   16   69    6   10]
 [   0   14    2 1704    1    0    2    0    0    0]
 [   0   42    2    8 1608    0    3    0    0    0]
 [   0    0    0    1    0 1582    0    0    0    0]
 [   0   35    5    0    0    0 1666    0    0    0]
 [   0    0   29    1    1    0    2 1570    8    7]
 [   0    6    0    0    0    0    1    1 1614    0]
 [   0    0    0    0    0    0    0   64    0 1666]]
0.906989094665
Confusion matrix:
[[0 0 0 0 0 0 0 0 0]
 [0 0 0 0 0 0 0 0 0]
 [0 0 0 0 0 0 0 0 0]
 [0 0 0 0 0 0 0 0 0]
 [0 0 0 0 0 0 0 0 0]
 [0 0 0 0 0 0 0 0 0]
 [0 0 0 0 0 0 0 0 0]
 [0 0 0 0 0 0 0 0 0]
 [0 0 0 0 0 0 0 0 0]]
