id,prediction
1867,8
593,4
2031,8
1200,7
1866,1
4026,9
1869,4
4024,1
4025,9
4022,9
4023,8
4020,6
4021,7
643,1
4028,1
4029,4
592,1
597,7
344,1
345,2
346,4
347,8
340,3
341,8
342,6
343,2
3997,7
3996,9
3995,6
3994,9
348,3
349,6
3991,9
3990,5
457,7
1296,6
594,3
2318,5
2319,9
2316,1
2317,2
2314,1
2315,5
2312,9
2313,9
2310,6
2311,5
2184,8
298,2
299,8
296,7
297,6
294,8
295,9
292,4
293,2
290,5
291,9
3773,2
3772,4
3771,8
3770,7
3777,3
3776,3
3775,3
3774,1
3779,9
3778,9
270,6
271,8
272,2
273,1
274,3
275,2
276,4
277,4
278,1
279,3
1992,1
738,1
581,4
2268,2
2269,2
2262,1
2263,9
2260,8
2261,8
2266,2
2267,7
2264,6
2265,7
2442,7
2443,7
2440,2
2441,6
2446,2
2447,7
2444,9
2445,7
2448,2
2449,5
108,2
109,2
102,5
103,2
100,5
101,3
106,6
107,2
104,3
105,2
2046,5
2047,8
2044,3
2045,2
2042,9
2043,9
2040,6
2041,2
2188,2
3151,8
2048,2
2049,3
1088,8
449,3
1657,2
2839,7
2838,2
45,3
3393,4
2835,1
3519,1
3518,7
3513,2
3512,9
3511,5
3510,4
3517,3
3516,2
3515,6
3514,9
1420,5
2688,7
2689,1
2684,5
2685,1
2686,8
2687,8
2680,8
2681,9
2682,9
2683,1
1436,6
122,7
3999,6
1437,8
645,7
3998,5
3389,6
99,3
98,3
3392,3
91,2
90,6
93,3
92,3
95,4
94,6
97,2
96,7
1623,9
3206,2
3205,8
1620,5
3203,6
3202,2
1625,8
1624,5
1999,2
1998,3
1629,3
1628,4
3209,7
3208,2
1293,2
2860,6
2861,9
2862,9
2863,5
559,3
2865,3
2866,5
2867,2
2868,7
2869,9
557,2
556,6
551,1
550,3
553,2
552,3
4010,6
1199,3
1198,5
3348,4
3349,1
1191,9
1190,9
1193,2
1192,3
1195,5
3347,9
1197,4
1196,3
1759,9
1758,7
1757,9
1756,5
1755,5
1754,3
1753,1
1752,3
1751,4
1750,1
1177,3
1176,7
1175,9
1174,9
1173,9
1172,6
1171,7
1170,6
4251,5
4250,1
4253,3
4252,8
4255,1
4254,3
1179,1
1178,3
1007,3
1006,3
1005,9
644,2
1285,9
1284,9
1287,7
1004,2
1281,2
1280,9
1283,4
1282,4
515,5
1289,7
1288,9
1002,2
876,6
1579,8
1578,6
689,1
688,9
1872,1
877,1
685,5
684,3
687,2
686,1
681,9
680,1
683,8
682,9
1227,4
875,1
4188,5
469,6
872,6
1240,6
1225,6
3435,8
620,2
870,8
627,9
871,5
626,7
2037,9
4389,5
4388,5
625,7
2036,1
4383,6
4382,1
4381,4
624,9
4387,7
4386,3
4385,4
4384,3
407,2
406,9
405,8
404,5
403,9
1374,5
401,7
400,1
1379,4
1378,3
1219,5
629,2
409,8
408,1
3834,1
3835,8
3836,2
628,9
3830,1
3831,5
3832,3
3833,3
1344,6
2192,1
2030,7
3838,5
3839,1
1345,7
4031,1
4030,1
4033,5
4032,3
4035,5
4034,3
4037,2
4036,9
4039,3
4038,3
1228,3
1018,1
1245,3
265,4
379,9
378,4
647,7
371,6
370,8
373,2
372,9
375,9
374,7
377,7
376,7
1244,2
2061,1
393,8
392,8
391,5
390,6
397,4
396,1
395,6
394,8
399,7
398,8
2309,5
2308,5
2301,8
2300,4
2303,4
2302,2
2305,8
2304,7
2307,3
2306,2
898,7
1246,7
3748,3
3749,5
3746,4
3747,2
3744,3
3745,8
3742,6
3743,2
3740,8
3741,3
245,8
244,6
247,6
246,1
241,6
240,8
243,5
242,3
249,3
248,4
2275,2
2274,4
2277,3
2276,7
2271,3
2270,1
2273,3
2272,6
2404,6
2279,2
2278,2
1248,5
2459,8
2458,8
723,2
2156,3
2455,2
2454,2
2457,2
2456,2
2451,7
2450,6
2453,7
2452,7
179,7
178,7
177,7
176,1
175,6
174,7
173,8
172,8
171,7
170,8
3698,9
2050,3
2053,1
2052,6
2055,5
2054,2
2057,3
2056,7
2059,7
2058,3
3692,9
3693,5
3694,7
3695,2
3696,1
3697,7
655,8
3089,1
3088,1
650,2
651,5
3526,5
3527,6
3524,3
3525,5
3522,2
3523,7
3520,7
3521,7
1508,7
3528,2
3529,7
1364,2
1509,2
338,2
3081,1
3080,9
1601,8
658,6
2699,2
1976,8
2697,9
2696,2
2695,3
3082,5
2693,1
1975,4
2691,2
2690,1
1974,4
1973,2
1661,3
1972,5
1971,8
1970,9
1362,4
3232,2
3233,9
3230,1
3231,6
1968,9
1969,6
1618,8
1619,6
1616,4
1617,1
3238,7
1967,9
1612,3
1613,6
1610,3
1611,3
2063,5
1363,8
2873,2
2872,9
2871,3
2870,9
2877,5
2876,6
2875,8
2874,6
2879,9
2878,9
3355,3
3354,8
3357,3
3356,8
3351,7
3350,1
3353,2
3352,2
1360,6
3359,4
3358,3
3707,5
1366,2
1768,9
1769,1
1361,6
1762,7
1763,7
1760,7
1761,7
1766,9
1767,9
1764,7
1765,6
1142,2
1143,6
1140,2
1141,6
1146,3
1147,5
1144,4
1145,3
1148,7
1149,4
768,7
2966,5
336,2
2762,2
692,2
693,4
1544,8
1545,1
696,7
697,7
694,1
695,8
698,2
699,4
1548,4
1549,4
542,9
543,5
540,6
541,1
546,8
547,3
544,7
545,3
548,8
549,9
760,6
761,9
2969,2
1982,2
2064,8
2968,9
764,8
765,8
2799,9
9,8
414,2
415,1
416,9
417,7
410,6
411,6
412,9
413,1
1384,3
1385,9
1386,9
1387,5
418,2
419,2
1382,8
1383,2
3827,2
3826,5
3825,2
3824,4
3823,1
3822,5
3821,5
3820,7
2769,2
3829,4
3828,1
3183,2
2768,4
1254,3
1292,3
4282,3
4283,7
4280,2
4281,5
4286,2
4287,1
4284,5
4285,2
4288,8
4289,2
2099,6
2763,9
1447,2
368,9
369,4
366,6
367,6
364,6
365,9
362,9
363,2
360,6
361,5
1945,8
2098,2
380,2
381,6
382,1
383,8
384,3
385,6
386,3
387,9
388,9
389,8
2065,1
1369,2
1243,3
1253,8
1077,6
3759,1
3758,8
1632,2
3751,8
3750,2
3753,6
3752,3
3755,9
3754,4
3757,8
3756,8
2190,4
2191,5
258,2
259,9
2194,3
2195,8
2196,2
2197,2
2198,3
253,7
250,3
251,3
256,1
257,4
254,7
255,7
2200,1
2201,6
2202,7
2203,5
2204,7
2205,2
2206,7
2207,5
2208,6
2209,2
1301,3
2428,2
2429,9
2420,4
2421,4
2422,4
2423,1
2424,7
900,5
2426,4
2427,8
901,8
168,1
169,3
164,4
165,6
166,6
167,2
160,8
161,8
162,3
163,8
3689,4
3688,9
3683,2
3682,6
3681,9
3680,3
3687,8
3686,5
3685,6
3684,3
1843,4
2518,7
2519,7
4423,6
2514,9
2515,7
2516,9
2517,1
2510,6
2511,1
2512,4
2513,7
2734,1
2735,1
2736,7
2737,1
2730,5
2731,3
2732,1
2733,2
4426,5
2738,2
2739,7
1846,5
3531,2
3530,4
3533,1
3532,9
3535,3
3534,1
3537,6
3536,3
3539,8
3538,2
1844,2
1091,2
1814,2
1815,5
1816,8
1817,2
1810,8
1811,8
1812,6
1813,2
1093,5
1818,8
1819,1
674,6
300,8
675,8
676,2
677,6
4332,8
1087,2
671,2
3077,6
672,8
673,8
1609,4
1608,5
3229,7
3228,7
1979,5
1978,6
3225,3
1600,6
1603,4
3226,5
1605,9
1604,9
1607,5
1606,6
809,7
808,7
803,1
802,5
801,5
800,7
807,7
806,5
805,9
804,9
2848,2
2849,8
2846,1
2847,7
2844,8
2845,3
2842,8
2843,6
2840,4
2841,8
3320,8
3321,4
3322,1
3323,6
3324,9
3325,9
3326,9
3327,9
3328,7
3329,3
1259,6
1775,7
1774,5
1777,6
1776,3
1771,6
1770,4
1773,8
1772,6
1779,9
1778,3
321,1
2806,3
326,3
327,7
2998,5
1159,7
1158,5
2999,4
1155,5
1154,6
1157,5
1156,8
1151,6
1150,5
1153,2
1152,5
2807,7
1555,9
1554,8
1551,5
1550,1
1553,6
1552,2
59,3
58,6
1557,1
1556,6
55,2
54,1
57,6
56,1
51,7
50,9
53,1
52,1
537,7
536,5
535,8
534,7
533,3
532,8
531,8
530,7
4265,1
1518,9
2992,9
539,5
538,7
2993,2
303,2
1558,7
2994,7
2995,5
1906,7
1868,3
2996,3
1907,8
2997,6
1904,8
1905,2
304,7
3461,3
1902,4
1903,5
429,2
428,6
1900,9
1399,8
1398,8
1397,8
1396,6
1395,2
422,9
1393,4
1392,4
1391,6
1390,2
3812,9
3813,7
3810,9
3811,9
3816,8
3817,3
3814,6
855,5
3818,2
3819,4
856,3
857,2
850,7
302,7
851,9
306,6
4299,5
4298,6
4295,3
4294,3
4297,8
4296,5
4291,3
4290,8
4293,3
4292,1
307,4
3177,1
1443,5
4266,4
1321,1
1425,2
3992,3
2331,2
2183,6
2182,8
2181,8
2180,2
2187,1
2186,7
229,5
228,2
227,4
226,6
225,4
224,5
223,5
222,4
221,2
220,6
2213,9
2212,3
2211,8
2210,7
2217,1
2216,8
2215,4
2214,5
2219,4
2218,1
1089,7
151,5
150,4
153,3
152,1
155,6
154,4
157,5
156,2
159,8
158,7
2431,3
2430,4
2437,4
2436,2
2435,5
2434,1
1161,4
123,7
2974,7
656,2
2509,7
2508,8
2507,7
2506,8
2505,5
2504,7
2503,5
2502,6
2501,4
2500,6
2727,1
2726,4
2725,1
2724,8
2723,6
2722,6
2721,2
2720,3
2729,2
2728,5
280,3
1163,7
125,8
1807,3
1806,8
1805,1
1804,4
1803,1
1802,7
1801,5
1800,4
3788,3
3789,1
1809,4
1808,1
2676,8
126,4
1547,7
3716,7
1368,2
127,6
3258,7
3259,7
1948,8
1949,5
1257,4
1942,9
1943,4
1940,8
1941,7
1946,3
1947,3
1944,4
3257,7
818,3
819,3
1255,4
2425,9
810,7
811,2
812,7
813,7
814,2
815,5
816,3
817,8
2859,5
3207,7
1250,2
1622,6
2851,7
2850,7
2853,2
1251,2
2855,1
1621,8
2857,2
2856,1
1490,5
421,9
1492,9
1493,9
1494,9
1495,6
1496,6
420,2
1498,1
1627,8
3339,2
3338,7
423,2
1626,5
1700,6
1701,5
1702,5
1394,2
1704,7
1705,8
1706,2
1707,6
1708,7
425,3
1168,9
1996,5
424,8
427,5
3658,2
426,8
2090,3
1128,9
1129,7
2834,4
1120,9
1121,5
1122,7
1123,7
1124,6
1125,1
1126,2
1127,8
313,9
3000,2
305,7
2989,2
2988,6
3029,5
3028,6
2983,2
2982,1
2981,6
2980,2
2987,3
2986,8
2985,3
2984,5
524,2
525,3
526,1
527,6
520,8
521,6
522,4
523,8
1014,5
1015,1
1016,8
1017,5
528,3
529,7
1012,1
1013,3
1234,6
1235,1
1236,2
1237,4
1230,7
1231,9
1232,7
1233,3
4196,5
4197,6
4194,9
4195,1
1238,8
1239,7
4190,5
4191,5
4358,9
4359,7
4354,3
4355,1
4356,5
4357,2
4350,9
4351,7
4352,3
4353,4
1092,2
2486,9
438,9
439,1
436,9
437,7
434,8
435,7
432,2
433,5
430,2
431,2
3809,4
3808,3
3805,9
3804,3
3807,6
3806,4
3801,5
3800,2
3803,9
3802,7
1630,6
2975,7
473,2
2864,6
558,6
555,1
554,1
2289,4
1162,2
49,9
4174,7
4175,3
4176,3
4177,1
4170,7
4171,1
4172,9
4173,9
1961,2
4178,2
4179,2
995,5
2949,1
994,1
2948,8
997,4
996,4
238,9
239,1
234,8
235,9
236,9
237,9
230,3
231,2
232,8
233,8
1098,9
2944,5
1963,8
2228,4
2229,4
2226,7
2227,3
2224,7
2225,4
2222,5
2223,2
2220,6
2221,5
1,6
1099,3
146,6
147,9
144,8
145,8
142,6
143,6
140,8
141,2
999,5
148,6
149,2
4072,1
1995,9
120,9
2088,2
2089,2
121,7
2082,5
2083,2
2080,9
2081,6
2086,9
2087,4
2084,9
2085,9
3342,1
2538,7
2539,7
3343,4
2532,2
2533,6
2530,3
2531,8
2536,5
2537,2
2534,6
2535,5
2712,9
2713,3
2710,2
2711,4
2716,1
2717,3
2714,1
2715,8
3346,2
2718,7
2719,6
1194,6
128,9
3344,1
129,2
3345,1
2671,5
1832,6
1833,6
1830,1
1831,3
1836,3
3798,3
1834,5
1835,4
3795,2
3794,1
1838,7
3796,2
3791,2
3790,9
137,7
3792,5
2154,9
2155,4
939,4
2157,2
2150,7
2151,7
2152,2
2153,5
933,3
932,5
931,6
930,6
937,4
936,3
935,1
934,8
2829,3
2356,8
136,9
3055,3
1955,6
1954,6
1957,4
1956,8
1951,4
1950,4
1953,7
1952,8
1829,7
1959,6
1958,8
1828,7
3249,5
3248,3
3243,9
3242,3
3241,5
3240,1
3247,4
3246,1
3245,5
1990,5
1825,6
829,1
828,4
1824,9
825,9
824,8
827,5
826,3
821,3
820,2
823,7
822,5
4259,1
1826,2
2284,6
1536,6
4258,4
1821,3
1993,2
4401,5
1483,4
1482,8
1481,5
1480,6
1487,7
1486,9
1485,6
1484,8
3306,9
3307,2
1489,7
1488,7
3302,4
3303,1
3300,6
3301,5
797,2
796,8
795,6
794,7
793,9
792,8
791,6
790,6
1719,2
1718,8
2145,7
799,7
798,7
1270,2
2144,7
4399,7
1271,7
2143,7
610,7
2142,4
1139,5
1138,7
2141,7
4063,8
1133,8
1132,3
1131,2
1130,4
1137,9
1136,8
1135,6
1134,2
920,8
4257,5
921,9
476,1
4256,2
3142,2
3018,4
3019,1
1994,2
3012,5
3013,3
3010,5
3011,1
3016,3
3017,1
3014,2
3015,7
519,4
518,7
926,5
1009,8
1008,5
511,6
510,5
513,9
512,2
1003,8
514,3
1001,5
1000,3
4189,3
1226,7
621,7
1224,1
1223,6
1222,2
1221,9
1220,3
4181,1
4180,1
4183,3
4182,2
4185,8
4184,2
1229,2
4186,6
4349,3
4348,4
4347,6
4346,4
4345,3
4344,9
4343,3
4342,4
4341,4
4340,7
2882,1
2883,7
2880,5
2881,8
2886,7
2887,9
2884,9
2885,7
2888,7
2889,9
2,6
3878,7
3879,7
3870,5
3871,1
3872,8
3873,8
3874,6
3875,3
3876,7
3877,7
1286,7
1714,9
2958,8
11,4
10,8
13,2
12,8
15,8
14,2
17,4
16,2
19,7
18,5
1922,3
1598,8
1923,5
2959,3
1924,5
3273,9
3904,4
3905,3
3906,1
3907,8
3900,5
1926,7
3902,7
3903,6
928,5
1927,7
3908,5
3909,7
3600,6
4167,8
4166,8
4165,1
4164,5
4163,5
4162,7
4161,3
4160,3
599,6
4169,4
4168,4
1534,8
1471,5
201,8
200,8
203,4
202,2
205,5
204,4
207,6
206,5
209,7
208,3
830,3
1352,3
1573,9
831,3
1572,6
836,3
1571,8
837,2
2239,4
2238,5
1570,6
834,6
998,6
2231,8
2230,2
2233,7
2232,8
2235,4
2234,9
2237,6
2236,9
1575,1
1574,9
3576,7
2185,2
3498,2
3499,2
3496,6
3497,7
3494,1
3495,6
3492,6
3493,9
3490,1
3491,6
2095,2
2094,1
2097,4
2096,8
2091,2
3659,1
2093,2
2092,2
3654,8
3655,5
3656,5
3657,8
3650,8
2189,4
3652,7
3653,4
2525,8
2524,2
2527,9
2526,5
2521,9
2520,7
2523,5
2522,2
1303,1
2529,1
2528,4
1201,7
598,2
2709,9
2708,4
2705,7
2704,7
2707,1
2706,7
2701,7
2700,9
2703,4
2702,8
4408,3
4409,5
4404,5
4405,5
1827,7
4407,1
4400,7
1820,8
4402,1
4403,5
2147,2
2146,3
2413,5
2412,6
2415,6
2414,2
2417,9
2140,5
2419,3
2418,7
922,9
923,8
924,1
925,2
2149,5
2148,6
2411,7
1920,5
1921,8
3274,1
3275,8
3272,2
1925,2
3270,8
3271,6
1928,7
1929,5
475,2
496,1
3278,6
3279,3
3474,8
3475,5
3476,9
3477,8
3470,1
3471,7
3472,7
3473,5
490,7
838,8
839,1
3478,8
3479,9
491,9
1365,5
3,6
492,6
359,2
493,2
3332,3
3319,6
3318,8
2594,9
3311,2
3310,1
3313,5
3312,7
3315,2
3314,7
3317,3
3316,2
784,6
785,3
786,3
787,3
780,9
781,3
782,6
783,6
1726,4
1727,1
1724,6
1725,4
788,4
789,8
1720,2
1721,6
1350,5
4380,9
468,3
2439,7
60,5
61,8
62,9
2438,7
64,9
65,5
66,2
3002,7
68,2
69,7
3009,8
3008,9
1371,4
1588,5
1589,8
1370,2
1582,2
1583,7
1580,9
1581,9
1586,4
1373,8
1584,4
1585,2
2433,2
1038,5
1372,3
508,2
2432,1
1032,3
1375,8
1030,6
505,7
502,7
503,7
500,7
402,9
1212,9
1213,9
1210,9
633,8
1216,9
1377,2
636,9
637,7
638,1
639,2
1218,2
927,8
4378,8
4379,7
989,2
4372,2
4373,3
4370,1
2416,9
4376,7
4377,7
4374,7
4375,5
2899,7
1728,6
2895,7
2894,7
2897,2
1729,4
2891,7
2890,9
2893,7
2892,6
1106,2
1107,5
1104,6
1105,3
1102,9
1103,1
1100,3
1101,4
1898,1
1458,7
1459,3
1108,6
1109,3
4080,2
4081,3
3869,1
3868,5
4084,5
4085,2
4086,2
4087,2
3863,6
3862,5
3861,8
3860,5
3867,5
3866,8
3865,8
1723,3
1894,8
322,6
3837,2
1895,8
1577,9
323,3
1977,3
1890,9
3732,8
1892,4
466,5
1576,2
320,2
3917,4
3916,1
3915,2
3914,8
3913,9
3912,8
3911,7
3910,4
3147,5
3919,6
3918,1
2247,3
1358,3
1636,2
4152,9
4153,6
4150,3
4151,9
4156,4
4157,4
4154,7
4155,2
4158,4
4159,5
3071,6
216,8
217,1
214,1
215,8
212,9
213,9
210,4
211,3
3331,2
1186,2
218,6
219,8
578,6
957,5
956,8
980,9
462,2
4,2
324,6
3073,7
3489,5
3488,3
3182,4
3481,8
3480,2
3483,5
3482,7
3485,1
3484,8
3487,3
3486,2
929,8
325,1
3649,3
3648,3
3647,6
3646,8
3645,3
3644,2
3643,4
3642,1
3641,7
3640,9
2550,3
2551,7
2552,7
2553,9
2554,7
2555,6
2556,8
2557,4
2558,4
2559,5
3595,8
3007,7
2396,8
2397,8
2394,7
63,7
2392,5
2393,2
2390,2
2391,7
3022,5
3001,2
2398,2
2399,3
2778,6
2779,2
640,2
3003,2
2770,6
2771,5
2772,4
67,6
2774,4
2775,7
2776,2
2777,7
2802,3
3076,5
2803,9
2800,9
312,8
1858,9
1859,3
2801,6
4419,5
4418,2
4417,6
4416,3
1852,6
1853,6
4413,4
4412,5
1856,3
1857,1
2172,6
2173,7
2170,4
2171,1
919,6
918,4
2174,5
2175,5
915,7
914,1
917,7
2805,4
911,5
910,1
913,6
912,6
2604,2
2605,8
2606,6
2607,6
2600,8
2601,1
2602,9
2603,7
2608,9
2609,1
1933,7
1932,4
1931,9
1930,4
1937,3
1936,5
1935,4
1934,6
3269,6
3268,7
1939,9
1938,1
1348,8
1424,1
847,4
846,3
3465,2
844,6
843,4
842,3
841,1
840,4
1090,8
1426,3
849,4
848,7
664,8
1429,6
1428,2
459,2
3460,6
3367,4
4276,8
1587,2
3944,9
1739,7
1738,4
3702,4
1731,6
1730,3
1733,4
1732,5
1735,3
1734,4
1737,3
1736,8
1039,1
753,6
3782,2
751,2
750,1
757,4
756,5
755,2
754,4
759,1
509,7
3780,7
3946,8
3070,1
2405,6
1597,2
3781,4
3074,8
3075,4
1593,1
507,2
2954,6
2955,3
2956,2
2957,5
1599,2
2951,8
2952,4
3787,9
1025,8
1024,7
1027,6
1031,9
1021,5
3784,1
1023,8
1022,8
1036,3
3785,9
1029,6
1028,2
1037,1
1034,8
501,7
3701,3
605,6
604,8
4367,4
4366,3
601,4
600,3
603,5
4362,5
1205,5
1204,2
1207,7
1206,1
609,8
608,2
1203,2
1202,9
1211,6
634,1
3706,1
1217,7
3108,8
1214,1
2003,5
3104,2
3105,9
3106,9
1215,7
3100,2
3101,2
3102,9
3103,2
1111,5
1110,8
1113,7
1112,1
1115,2
1114,6
1117,8
1440,3
1119,2
1118,3
4278,9
467,5
1449,1
1448,1
4093,5
4092,7
4091,8
4090,6
4097,5
4096,9
4095,5
4094,6
461,9
4099,6
4098,8
450,5
1356,5
463,9
489,8
488,3
487,3
486,7
485,4
1354,8
483,5
482,7
481,7
480,7
991,5
451,4
990,2
3922,7
3923,9
3920,6
3921,8
3926,1
3927,5
3924,4
3925,4
3928,3
3929,3
124,9
3993,8
993,3
1874,1
4371,4
4149,6
4148,6
4145,9
4144,9
4147,6
4146,7
4141,6
4140,6
4143,1
4142,1
3856,3
3857,3
3854,8
3855,1
3852,5
3853,2
3850,4
3851,5
992,9
3858,2
3859,8
739,1
3005,7
618,2
2661,4
3947,2
2898,2
1567,3
3004,7
2288,4
456,2
2896,7
199,4
198,8
2066,2
3664,9
195,2
194,3
197,1
196,8
191,7
190,3
193,9
192,1
3678,7
3679,2
3672,7
3673,1
3670,7
3671,7
3676,2
3677,6
3674,8
3675,9
2543,3
2542,2
2541,7
2540,7
2547,8
2546,3
2545,3
2544,6
3006,7
1274,4
2549,7
2548,2
1456,7
2381,7
2380,3
2383,7
2382,7
2385,2
2384,9
2387,8
2386,5
2389,5
2388,8
1451,1
3580,5
3581,8
3582,8
3583,3
3584,6
3585,3
3586,3
3587,2
3588,7
3589,3
2761,8
2760,3
2767,7
2766,8
2765,8
2764,2
4260,7
3552,8
902,6
903,3
1849,1
1848,7
906,5
907,3
904,1
905,4
4422,3
1842,3
1841,7
1840,7
1847,7
4427,3
1845,5
4425,3
3250,8
2169,4
2168,7
3251,5
2165,2
2164,4
2167,8
2166,5
2161,9
2160,5
2163,2
2162,2
2617,6
2616,2
2615,1
2614,3
2613,1
2612,5
2611,4
2610,9
3254,3
4082,5
2619,5
2618,3
4083,8
3298,5
3299,5
1908,6
1909,2
3294,8
3295,4
3296,2
3297,2
3290,6
3291,1
3292,2
1901,7
3452,8
3453,2
3450,4
3451,8
3456,7
3457,9
3454,4
3455,3
3458,5
3459,3
858,4
859,2
3293,2
4088,7
6,8
3309,2
3739,5
3864,6
1184,3
4187,1
3738,8
740,9
741,8
742,5
743,7
744,9
745,6
746,1
747,8
748,5
749,2
1799,1
3063,2
3062,9
3061,9
3060,2
3067,1
3066,7
3065,5
3064,9
2947,3
2946,3
3069,2
3068,3
2943,5
2942,4
2941,4
2940,6
1050,3
1051,6
1052,9
1053,1
1054,8
1055,7
1056,5
1057,8
1058,4
1059,7
718,5
1696,7
1697,9
1694,7
1695,9
1692,2
1693,4
1690,6
1691,7
614,8
715,4
1698,9
1699,7
4310,7
1279,2
4312,6
619,5
4314,6
4315,8
4316,3
4317,5
4318,5
4319,8
1272,9
611,4
616,2
617,9
1276,1
1277,9
711,2
615,8
4429,5
2596,8
710,6
1633,7
3333,4
3119,6
3118,2
3117,8
3116,5
3115,8
3114,9
3734,2
3112,1
3111,1
3110,4
1472,2
1473,8
1470,9
3330,1
1476,3
1477,8
1474,6
1475,8
3337,7
1478,4
1479,6
3336,3
1304,5
1305,8
1306,6
1307,1
1300,5
3335,4
1302,9
2595,7
3334,1
1308,8
1309,8
1297,7
2804,9
2597,8
498,9
4229,6
2590,8
1499,8
494,8
495,9
4226,5
497,2
4220,5
4221,2
4222,9
4223,6
24,4
25,1
26,4
27,1
20,7
21,9
22,8
23,8
2593,2
28,5
29,8
4311,5
2591,4
3262,5
1966,4
3939,8
3938,2
3935,6
3934,5
3937,8
3936,4
3931,3
3930,8
3933,3
3932,8
1703,2
1516,9
1885,3
4138,1
4139,3
1877,1
4130,4
4131,3
4132,8
4133,3
4134,7
4135,7
4136,6
4137,1
3841,1
3840,8
3843,4
3842,8
3845,2
3844,2
3847,4
3846,6
3849,3
3848,4
1873,8
1870,5
1871,8
301,1
4044,7
4045,6
4046,5
4047,4
4040,4
4041,3
4042,9
4043,9
4048,9
4049,1
447,8
7,5
1602,6
3665,5
2051,2
3667,8
3666,7
3661,9
3660,3
3663,9
3662,9
2280,1
2281,2
2282,4
2283,8
3669,6
2285,2
2286,3
2287,8
446,8
1468,2
2578,7
2579,7
2576,7
2577,7
2574,4
2575,5
2572,5
2573,6
2570,7
2571,9
3690,2
2395,2
2378,1
2379,5
4461,2
3691,9
2374,5
2375,3
2376,6
2377,2
2370,8
2371,5
2372,8
2373,1
3593,5
3592,1
3591,5
3590,3
3597,8
3596,4
2592,8
3594,7
3599,3
3598,3
2598,6
2599,6
1876,4
4434,9
4437,2
1875,6
4431,5
4430,2
4433,3
4432,3
595,4
4439,2
4438,2
1878,8
1879,7
977,4
976,5
975,5
974,9
973,8
972,3
971,3
970,1
596,4
979,9
978,3
182,7
183,4
180,2
181,7
186,7
187,7
184,4
185,2
2110,9
2111,5
188,9
189,4
2114,8
2115,1
2116,3
1559,9
2622,8
2623,2
2620,1
2621,3
2626,7
2627,4
2624,8
2625,6
2628,6
2629,6
4089,8
1919,6
1918,2
2131,4
3289,5
3288,9
1911,3
1910,1
1913,4
3284,7
3283,6
3282,2
3281,5
3280,6
869,5
868,8
2113,9
3449,2
3448,8
516,6
861,2
860,7
863,6
3446,9
3441,5
3440,5
867,2
866,1
2024,8
2025,7
2026,2
2027,3
2020,8
2021,3
2022,4
2751,8
2828,2
2117,1
2028,4
2029,8
2758,4
2759,2
883,6
882,7
881,8
880,5
887,5
886,2
885,1
884,4
3728,1
4017,4
889,5
888,5
1340,9
2824,3
2825,3
657,7
354,5
353,6
654,5
352,4
775,7
774,5
777,9
776,5
771,9
770,7
773,5
772,3
779,9
778,2
77,3
76,3
75,5
74,1
73,8
72,7
71,8
70,6
2972,4
2973,7
2970,4
2971,4
2976,7
2977,8
3050,2
3051,8
1043,6
1042,9
1041,6
1040,6
1047,9
1046,9
1045,1
1044,6
1049,2
1048,9
1681,7
3027,8
1683,4
1682,7
1685,6
1684,2
1687,4
1686,4
1689,8
1688,1
358,2
3025,3
4303,3
4302,4
1269,7
3024,3
4307,5
4306,4
4305,4
668,6
667,2
1262,7
4309,7
4308,9
663,6
662,5
1265,7
1264,1
3287,9
1242,8
1722,3
3286,2
3020,2
3285,2
3128,4
1912,9
3122,1
1915,2
3120,1
3121,6
3126,4
3127,2
3124,6
1914,1
1469,8
1917,7
1465,5
499,7
1467,8
1916,4
1461,3
1823,5
1463,6
1019,5
1317,5
1316,1
1315,1
1314,1
1313,1
1312,1
1311,1
1310,1
3276,5
1319,2
1318,8
4239,8
4238,4
4237,3
4236,5
4235,1
4234,4
4233,5
4232,6
4231,9
4230,2
3277,8
1010,2
1011,3
3445,7
3123,1
3444,3
3447,4
3948,9
3949,2
319,2
862,8
3940,1
3941,8
3942,5
310,5
317,8
316,6
3815,6
864,5
448,6
3443,1
1339,9
3442,1
1520,2
1338,7
2756,8
4129,4
4128,9
4198,6
2757,2
4123,5
4122,3
4121,7
4199,2
4127,2
2754,3
4125,1
4124,1
443,3
2755,3
3036,1
442,8
2752,1
441,5
2753,6
440,1
2750,6
4192,2
2023,4
4459,5
4193,8
4218,3
1822,2
445,4
444,1
4313,2
4057,2
4056,3
4055,2
2694,3
4053,8
4052,5
4051,2
4050,4
4059,5
2692,2
630,1
4361,6
3610,2
3611,2
2299,1
2298,1
3614,6
3615,7
3616,8
3617,7
2293,2
2292,3
2291,2
2290,3
2297,6
2296,6
2295,8
2294,4
4360,1
2569,1
2568,3
288,9
2561,7
2560,7
2563,5
2562,9
632,3
1615,9
2567,3
2566,3
908,1
2369,2
2368,8
2367,5
2366,1
2365,2
2364,1
2363,5
2362,4
2361,7
2360,2
2587,7
2586,6
2585,2
2584,7
2583,7
2582,9
2581,2
2580,7
865,3
3507,4
39,9
2589,7
2588,7
4440,2
1860,3
1863,8
1862,7
1865,8
3729,3
4446,6
4447,1
3724,7
3725,4
3726,3
3727,5
3720,1
3721,9
3722,7
3723,7
964,7
965,9
966,5
967,4
960,9
961,7
962,3
963,8
968,1
969,5
2109,2
2108,3
2103,5
2102,6
2101,3
2100,4
2107,7
2106,9
2105,2
2104,2
2639,6
2638,2
635,5
2635,2
2634,4
2637,4
2636,2
2631,4
2630,7
2633,6
2632,9
3438,2
1537,4
878,8
879,3
3430,2
3431,4
874,1
3433,6
3434,8
873,1
3436,2
3437,5
2741,3
2740,3
2743,3
2742,3
2745,4
2744,1
2747,1
2746,2
2749,3
2748,7
2039,9
2038,6
890,3
891,1
892,3
893,3
894,9
895,5
896,9
897,9
909,3
899,6
3095,1
3651,7
649,2
1247,7
648,7
3236,5
3237,2
3544,7
3545,4
3546,9
3547,6
3540,2
3541,9
3542,5
3543,7
4369,1
3235,5
3548,5
3549,2
4213,5
1964,1
260,3
1965,2
1538,3
1614,3
2965,5
2964,1
2967,2
3239,4
2961,1
2960,3
2963,1
2962,6
1780,7
1960,6
1782,7
1783,7
1784,7
1785,7
1786,9
1787,7
3049,8
3048,5
1962,9
3041,3
3040,6
3043,6
3042,6
3045,5
3044,6
3047,1
3046,5
1423,1
1078,2
1079,9
1076,5
1535,2
1074,2
1075,6
1072,8
1073,1
1070,3
1071,2
1678,7
1679,3
3030,8
1674,1
1675,6
1676,5
1677,4
1670,3
1671,2
1672,2
1673,6
1094,8
1095,4
1096,6
1097,3
678,1
679,6
4338,3
4339,3
4336,7
4337,7
4334,9
4335,1
670,6
4333,5
4330,7
4331,6
3135,6
3134,2
3137,4
3136,4
3131,8
3130,7
3133,2
3132,7
3139,5
3138,4
3396,7
1533,5
4443,4
1418,8
1419,2
1410,3
1411,3
1412,8
1413,8
1414,3
1415,3
1416,3
1417,3
1322,1
1323,1
1320,1
1532,2
1326,5
1327,2
1324,1
1325,6
3703,5
1328,1
1329,3
4208,8
4209,5
4202,3
4203,2
4200,6
4201,2
4206,2
4207,3
4204,2
4205,7
1531,7
4445,2
1524,5
1525,7
1526,6
1527,5
1252,6
1521,3
1522,4
1523,9
1528,4
1529,2
1258,4
646,2
308,2
309,9
3959,3
3958,6
652,7
3953,4
3952,5
3951,9
3950,8
3957,2
3956,3
3955,3
3954,8
4116,8
4117,3
4114,6
4115,1
4112,3
4113,1
4110,5
4111,3
4118,5
4119,2
1546,5
2858,5
2978,3
2979,2
3340,8
4448,5
852,9
3058,6
3059,3
988,6
3056,8
2474,2
3057,3
3341,9
4449,6
4062,3
853,3
4060,9
4061,8
4066,8
4067,2
4064,5
4065,6
3052,8
4068,8
4069,8
732,1
3053,6
79,2
78,1
3113,4
3603,3
3602,6
3601,6
2773,3
3607,6
3606,8
3605,3
3604,8
3609,5
3608,5
2698,5
984,5
985,3
623,2
3032,3
114,3
2990,9
2358,9
2359,1
2352,4
2353,6
2350,2
2351,5
622,7
2357,8
2354,4
2355,8
2991,7
112,6
4453,4
4452,6
4451,6
4450,8
4457,7
4456,4
4455,3
4454,2
3737,8
3736,7
3735,9
4458,1
3733,2
1891,2
3731,6
3730,2
2136,9
2137,7
2134,7
2135,2
2132,8
2133,9
2130,3
1680,7
951,5
950,9
953,3
952,9
955,5
1267,7
2138,3
2139,3
1635,2
4300,2
2648,7
2649,7
2784,7
2640,3
2641,4
2642,8
2643,6
2644,5
2645,2
2646,7
2647,7
3416,8
1441,2
2340,8
3429,2
3428,5
3423,3
3422,1
3421,7
3420,7
3427,2
3426,7
3425,2
3424,7
2002,1
1850,6
2000,2
2001,7
2006,4
2007,4
2004,3
1851,6
3901,7
3033,3
2008,7
2009,7
4415,3
506,7
4414,4
2118,7
1854,3
4301,6
1855,6
2852,7
1268,7
4411,3
3026,7
4410,2
3557,6
3556,5
3555,3
3554,7
3553,4
669,6
3551,7
3550,9
4304,4
3559,4
3558,7
1263,7
666,6
717,8
2176,6
504,7
665,3
2177,7
2910,3
2911,6
2912,8
1798,2
2914,5
2915,1
719,2
2917,6
2918,4
2919,6
1791,9
1790,7
713,7
712,5
1795,3
1794,6
661,6
716,5
3985,2
660,3
2178,6
1069,8
1068,6
916,1
1061,4
1060,8
1063,6
1062,5
1065,8
1064,6
1067,4
1066,7
4390,2
3023,2
1669,4
1668,2
1667,2
1666,3
1665,2
1664,8
1663,5
1662,3
4435,7
1660,8
4329,6
1086,9
1085,3
1084,2
1083,4
1082,5
1081,5
1080,9
4321,9
4320,1
4323,4
4322,5
4325,7
4324,2
4327,1
4326,2
3140,5
3141,1
714,4
3143,5
3144,1
3145,2
3146,4
1709,9
3148,4
3149,5
2826,4
2827,5
2820,6
2821,3
2822,4
2823,1
3386,8
3387,9
3384,9
3385,6
3382,7
3383,4
3380,1
3381,6
1359,4
3388,4
3021,2
1409,6
1408,5
1403,6
1402,8
1401,5
1400,2
1407,7
1406,8
1405,4
1404,2
4215,8
4214,5
4217,5
4216,4
4211,3
4210,3
1491,1
4212,3
1335,4
1334,5
1337,8
1336,9
4219,5
690,9
1333,3
1332,4
691,9
4436,2
1542,5
1631,1
1543,5
3261,9
3201,3
38,1
1540,2
3260,3
33,6
32,3
31,3
30,2
37,9
36,1
35,1
34,5
1241,5
3093,7
3090,7
3091,9
3096,8
3097,8
3094,2
1530,8
1249,3
3265,1
3098,6
3099,3
1539,3
3264,3
339,9
3267,9
4391,5
335,1
334,9
337,7
3266,7
331,9
330,7
333,7
332,9
4101,6
4100,5
4103,8
4102,8
4105,5
4104,6
4107,2
4106,8
4109,9
4108,3
3125,6
1295,6
2127,9
3898,7
3899,8
2062,1
1634,5
3892,8
3893,1
3890,8
3891,8
3896,6
3897,5
3894,5
3895,3
3467,8
3466,2
653,2
845,2
3464,6
8,6
1464,1
3463,6
2119,2
3462,1
1353,2
1466,5
4079,5
4078,9
4075,6
4074,3
4077,8
4076,8
4071,8
4070,8
4073,3
1460,8
3966,5
3967,5
3964,5
3965,1
3962,9
3963,5
3960,8
3704,3
3200,5
1497,8
1462,2
3968,4
3969,3
2854,8
3638,2
3639,7
3636,7
3637,9
3634,9
3635,1
3632,5
3633,5
3630,2
3631,6
1454,2
3469,1
3468,9
1351,6
1991,5
2345,4
2344,5
2347,5
2346,6
2341,5
3054,3
2343,8
2342,3
2349,2
2348,9
1455,5
3253,2
2067,8
1169,4
3708,4
3709,9
4468,3
4469,5
4466,1
4467,3
4464,7
4465,5
4462,5
4463,5
4460,1
3705,3
2121,3
2120,8
2123,5
2122,3
2125,3
2124,1
948,1
949,2
946,3
947,2
944,5
1457,7
942,4
943,8
940,1
941,3
3038,9
569,8
1594,2
2410,7
2659,3
2658,6
642,2
565,4
2653,1
1450,1
2651,2
2650,9
2657,4
2656,1
2655,4
3039,2
769,8
132,3
131,2
3415,6
3412,6
3413,6
135,9
134,8
139,5
138,7
3418,8
3419,1
2019,1
2018,9
2920,3
2015,6
2014,4
2017,9
2016,9
2011,6
2010,6
2013,3
2012,2
1452,2
2926,8
3562,8
3563,9
3560,7
1453,2
3566,8
3567,6
3564,8
3565,8
3034,6
3568,5
3569,6
4484,4
4485,7
4486,7
4487,9
4480,4
4481,7
4482,7
4483,2
4488,5
4489,4
2903,7
2902,2
2901,7
2900,7
708,5
709,9
2905,3
3035,6
704,1
705,6
706,7
2908,3
700,2
701,5
702,6
703,3
88,4
89,6
82,6
83,4
80,4
81,4
86,3
87,4
84,1
85,4
1256,8
762,2
1658,2
1659,9
2487,5
1652,5
1653,5
1650,4
1651,2
1656,9
854,5
1654,8
1655,5
586,7
587,7
584,9
3037,9
763,1
583,6
580,6
1987,9
1984,9
588,4
589,6
3153,3
3152,5
1261,3
3150,3
3157,4
3156,7
3155,2
3154,8
2837,2
2836,6
3159,2
3158,2
2833,7
2832,1
2831,2
1983,9
3391,1
3390,3
1434,1
1435,4
1432,4
1433,3
1430,3
1431,2
3399,7
3398,9
1981,2
1438,3
1439,3
1260,5
612,1
1299,3
1541,4
458,4
1349,3
4262,7
4263,2
4264,1
1889,4
1888,9
4267,7
4268,2
4269,7
1342,1
453,7
454,9
455,5
1346,3
1347,8
1887,1
318,5
1886,4
564,9
3700,9
766,8
517,4
1884,7
3263,3
1883,4
832,9
1266,7
1882,2
1502,7
1503,5
1500,7
1501,2
1506,7
1507,7
1504,6
1505,6
3085,9
3084,1
3087,3
3086,8
767,7
311,3
3083,2
659,2
3943,3
833,9
3945,3
315,3
314,3
4395,4
3885,9
3884,9
3887,9
3886,5
3881,7
3880,7
3883,9
3882,6
2126,2
3889,3
3888,5
2129,3
2128,6
631,1
568,2
945,2
752,4
2816,4
4008,6
4009,4
1376,5
4000,5
4001,2
4002,3
4003,6
4004,1
4005,8
4006,1
4007,1
3971,2
3970,8
3973,7
3972,7
3975,2
3974,2
3977,2
3976,4
3979,7
3978,2
328,7
329,5
3629,4
3628,2
758,1
3621,7
3620,7
3623,7
3622,7
3625,9
3624,2
3627,7
3626,7
4406,5
1881,2
2330,2
1595,4
2332,6
2333,3
2334,8
2335,3
2336,4
2337,4
2338,1
2339,7
1341,5
3072,3
1596,1
1880,9
2077,5
1591,7
572,6
835,9
1590,8
3715,2
3714,8
3717,1
4120,7
3711,1
3710,4
3713,2
3712,6
1592,3
3719,7
3718,7
4126,2
4479,5
3078,4
1278,2
1569,8
3079,9
4471,1
4470,2
4473,7
4472,2
4475,6
4474,1
4477,7
4476,2
2488,2
2489,2
1343,9
2950,1
2484,1
2485,5
2482,3
2483,5
2480,4
2481,2
3252,6
2248,5
2249,2
2652,8
2244,2
2245,2
2246,7
2953,4
2240,5
2241,5
2242,5
2243,2
2464,4
2465,5
2466,1
2467,3
2460,1
2461,8
2462,5
2463,7
2468,6
2469,6
3401,7
3400,7
3403,9
3402,2
3405,5
3404,9
3407,6
3406,9
3409,3
3408,9
2654,5
1020,5
133,4
1188,3
3417,8
1189,1
3414,4
2068,2
2069,7
2798,7
130,9
576,1
1187,6
2792,2
2793,2
2790,1
2791,8
2796,2
2797,9
2794,1
2795,9
1185,8
3410,5
1182,2
3411,4
3255,9
1183,7
1180,3
1181,5
3579,7
3578,7
3961,9
3575,7
3574,2
3577,2
3256,2
3571,9
3570,1
3573,7
3572,2
2666,4
2667,9
2664,5
2665,4
2662,4
2663,8
2660,2
4490,4
722,2
2668,6
2669,8
3668,8
2938,6
2939,5
2936,7
2937,3
2934,7
2935,7
2932,8
2933,2
2930,5
2931,8
3799,1
1837,2
1645,2
1644,1
1647,4
1646,1
1641,2
1640,2
1643,7
1642,9
2673,8
1649,6
1648,1
4228,9
728,9
729,8
3797,4
4365,4
579,7
1839,6
4364,5
573,8
4428,6
571,8
570,2
577,9
607,8
575,2
574,5
3195,5
2808,9
606,1
3793,6
3168,9
3169,7
3166,7
3167,9
3164,8
3165,2
3162,8
3163,8
3160,4
3161,5
1421,4
2406,9
1997,6
1422,8
3368,6
3369,4
1427,8
2407,7
3364,8
3365,5
3366,7
602,5
3360,1
3361,8
3362,5
3363,5
731,6
730,9
733,9
938,9
735,9
734,9
737,1
736,9
1899,4
2402,6
2403,3
4273,9
4272,2
4271,9
4270,6
4277,4
2400,2
4275,6
4274,4
465,2
464,2
4279,2
2401,4
1357,5
460,7
1355,2
4368,9
2907,1
4054,3
1749,1
452,6
4241,6
1273,1
4261,5
4224,3
2158,9
2159,6
1519,6
2408,7
4328,2
1515,6
1514,4
1517,9
2409,7
1511,9
1510,9
1513,1
1512,4
3031,8
959,4
4225,3
281,8
3439,1
3395,7
1637,1
1275,8
4058,6
4478,2
958,3
3129,6
3184,6
3185,6
3186,4
3187,9
3180,9
3181,8
585,6
2005,6
3188,2
3189,7
4227,9
1896,1
3397,7
582,8
3109,8
4019,8
4018,8
2112,9
48,6
4013,2
4012,2
4011,3
3783,7
1897,1
4016,1
4015,2
4014,2
357,5
356,4
355,5
954,5
3988,3
3989,2
351,2
350,2
3984,2
4420,4
3986,4
3987,4
3980,7
3981,7
3982,8
3983,3
3107,4
3612,4
43,6
3613,3
4421,3
41,2
1033,4
2323,8
2322,9
2321,9
2320,8
2327,3
2326,8
2325,6
2324,6
3234,3
2329,6
2328,8
1445,2
484,7
289,2
3618,7
1444,1
3619,7
1793,5
5,8
283,4
282,5
285,3
284,8
287,7
1442,7
3760,3
3761,9
3762,3
3763,9
3764,9
3765,1
3766,3
3767,4
3768,8
3769,1
1116,7
263,5
262,8
261,6
3561,1
267,7
266,8
1792,9
264,5
286,2
269,3
268,2
1290,7
2499,5
2498,1
1291,3
1893,7
1980,1
2491,3
2490,8
2493,6
2492,7
2495,5
2494,6
2497,4
2496,4
4424,4
2193,2
1294,3
2259,2
2258,9
2257,5
2256,2
2255,6
2254,6
2253,2
2252,2
2251,3
2250,2
2477,5
2476,7
2475,7
3224,1
2473,8
2472,6
2471,6
2470,6
982,3
983,5
2830,1
981,4
986,6
987,4
2479,2
2478,4
115,6
252,8
117,4
116,4
111,4
110,8
113,5
2199,3
3244,5
119,4
118,6
3432,6
2785,8
3227,3
2787,3
2786,1
2781,3
2780,6
2783,5
2782,8
2789,9
2788,6
1797,5
2079,2
2078,8
1331,3
2073,1
2072,4
2071,9
2070,4
2809,5
2076,9
2075,3
2074,3
1388,2
1796,6
1035,5
1330,8
4363,7
3221,6
1389,2
3508,2
3509,7
1026,8
3500,2
3501,5
3502,6
3503,4
3504,8
3505,4
3506,8
3204,4
641,1
2670,5
2060,1
2672,5
2675,1
2674,1
2677,3
1446,6
2679,7
2678,3
1209,6
3220,1
2929,2
2928,1
4027,6
2921,5
2565,6
2923,5
2922,5
2925,6
2924,6
2927,6
2564,9
3394,9
1208,4
3223,4
2906,3
1986,8
3215,8
3216,6
1985,9
3210,3
3211,4
3212,7
3213,4
1638,4
1639,2
2904,1
3218,5
3219,3
1988,8
1989,1
1781,7
3222,5
2909,8
2815,2
2814,7
2817,6
707,7
2811,9
2810,2
2813,7
2812,8
560,3
561,2
562,4
563,3
2819,3
2818,1
566,6
567,6
3179,7
3178,7
3171,9
3170,6
3173,8
3172,3
3175,3
3174,1
2945,6
3176,5
2179,6
3379,8
3378,5
3377,5
3376,4
3375,8
3374,6
3373,5
3372,5
3371,7
3370,2
726,6
727,3
724,3
725,5
1748,1
3217,1
720,5
721,1
1744,1
1745,4
1746,2
1747,8
1740,4
1741,6
1742,8
1743,4
1164,1
1165,2
1166,2
1167,5
1160,2
3308,7
4248,7
4249,6
4246,5
4247,7
4244,9
4245,4
4242,7
4243,8
4240,3
2035,8
3092,3
3304,3
472,2
2913,3
3305,2
1864,6
3196,3
46,2
47,2
44,1
3786,9
42,8
2034,4
40,7
3214,8
1568,4
1380,8
1298,6
471,2
1788,2
1560,9
1561,1
1562,5
1563,4
1564,3
1565,3
1566,5
477,6
1713,2
474,1
1712,8
591,2
2033,9
1711,9
1381,1
613,4
1710,5
1789,7
1717,4
1716,1
4398,4
1861,5
1715,9
4441,8
590,6
2032,7
4392,3
4393,3
4394,3
4442,2
4396,3
4397,3
3197,8
1367,2
470,6
3194,9
3193,9
3192,7
3191,7
3190,2
4444,6
478,3
479,1
2916,6
3699,7
3199,5
3198,8